14204
13981
12059
14791
16232
16491
10201
10255
10412
11070
11565
12096
12182
12243
12515
12525
12960
12984
12991
13015
13380
13491
13648
13743
13969
14152
15749
16378
16549
17361
17878
10038
10055
10300
10321
10338
10398
10406
12343
10040
10226
10365
13924
14756
15046
10705
10755
10896
11334
11602
11961
12245
12330
12514
12628
12677
12707
12830
12982
13068
13147
14163
14501
14530
14905
15134
15358
15414
15463
15670
15674
15749
15923
16079
16114
12258
12550
14500
15780
16043
16773
10032
10331
10531
11044
11239
11303
11394
11408
11494
11541
11761
11809
11850
11964
12247
12268
12416
12618
12622
12711
12878
12946
13113
13124
13222
13256
13271
13358
13580
13582
16072
11134
12653
10096
10148
10154
10387
10859
10907
11057
11118
11769
12000
12368
12488
12712
12909
12946
13094
13205
13295
13376
13740
13830
14495
14891
15174
15251
15334
16214
16480
17463
17656
17757
17845
17983
10106
16221
17960
10331
10575
11099
11323
11567
11866
11945
12163
12175
12259
12291
12738
13900
13918
14064
14149
14276
14406
15025
15140
15469
15961
16338
16639
17802
17934
10049
10074
10084
10127
10235
10258
10282
10299
10302
12499
10635
13307
13658
17200
17301
10237
10344
10475
10477
10537
10569
10684
10709
10795
11071
11621
12283
12426
12727
12741
12926
13174
13796
13842
13887
13908
13949
14187
14287
14359
14702
14731
14883
14924
14968
15077
10190
10803
12598
12726
13642
13844
14107
15592
15724
16962
10005
10032
10128
10272
10378
10526
10570
10625
10713
10719
10979
11060
11072
11268
11550
11588
11605
11712
11725
11732
11829
12015
12091
12124
12191
12243
12256
10926
11998
14665
15163
15715
10102
10406
10424
10509
10556
10690
10849
10947
10954
11114
11128
11133
11159
11221
11268
11345
11350
11392
11442
11475
11679
11696
11741
11914
12165
12244
12308
12527
12741
12785
12915
13121